25958
23768
29331
4876
14847
11344
9127
17009
13628
28370
3008
29029
6618
28931
9516
30360
7936
18940
14131
18029
17250
7030
4642
16798
19567
9723
24459
30576
28013
14727
5178
10497
27118
12533
8326
22290
18228
25904
22995
22649
10262
25590
1885
5376
31363
22191
3822
20890
12587
20769
12542
21451
9136
26375
8547
30480
6764
10180
3035
1409
29636
22717
8218
4543
14029
20821
24715
16410
5799
13675
30872
13388
7688
3468
700
12257
30579
26159
22451
7203
23494
15887
27196
16625
13139
25183
12793
15872
1933
9750
21155
2067
20469
5399
20479
5260
21568
29814
25037
18961
14731
28404
17834
28021
32485
26216
32172
18935
30937
26953
6435
32259
10467
20897
27059
32511
2762
22440
22857
7428
2185
2908
8693
25076
11302
30735
19528
19939
9352
32127
20281
13739
24372
2912
7548
31564
4357
9404
30122
5570
1788
14106
25898
29986
9877
30658
8827
14393
12994
27321
1127
17479
22624
17967
1680
10939
13149
11274
29150
11608
9677
15539
13038
29719
21690
14949
28514
3692
15292
22998
14603
19897
20027
4539
12753
22585
16248
16950
3945
4173
22888
11119
20951
31741
27198
238
21710
17641
9598
17423
1161
6952
7265
26763
28551
3458
12956
22447
25559
14284
21606
4836
19303
25432
16506
19877
8604
27752
